3001
3928
4001
4002
4003
4004
4005
4006
4007
4008
4009
4012
4010
4011
4013
4014
4015
4016
4017
4018
4019
4020
4021
4022
4023
4783
4784
4785
4786
4787
4788
4789
4790
8266
9000
10244
10245
10246
10247
10248
10249
10250
10251
10253
10252
10254
10255
10256
10257
13001
16353
17070
17544
18075
19001
19002
20001
20002
20003
20851
20852
21984
21985
22999
23991
23992
23993
23994
23995
23996
23997
23998
23999
24000
24407
24408
24409
24410
24411
24412
24413
24414
24415
24416
24417
24418
24419
24420
24421
24301
24302
24246
24247
24248
24249
24250
24251
24252
24253
24254
24255
24256
24257
24258
24259
24260
24290
24291
24292
24293
24294
24295
24296
24297
24298
24299
24300
24001
24002
24003
24004
24005
24006
24007
24008
24009
24010
24011
24012
24013
24014
24015
24016
24017
24018
24019
24020
24021
24022
24023
24024
24025
24026
24027
24028
24029
24030
24031
24032
24033
24034
24035
24036
24037
24038
24039
24040
24041
24043
24045
24044
24046
24047
24048
24049
24050
24051
24052
24053
24054
24055
24056
24057
24058
24059
24060
24061
24062
24063
24064
24065
24067
24066
24068
24069
24070
24071
24072
24073
24074
24075
24076
24078
24077
24079
24080
24081
24082
24083
24084
24092
24085
24086
24087
24088
24089
24090
24091
24093
24094
24095
24096
24097
24098
24099
24100
24101
24102
24103
24104
24105
24106
24107
24108
24109
24110
24111
24112
24113
24114
24115
24116
24117
24118
24119
24120
24121
24122
24123
24124
24125
24126
24127
24128
24129
24130
24131
24132
24133
24134
24136
24135
24137
24138
24140
24139
24141
24142
24143
24144
24145
24146
24147
24148
24149
24150
24151
24152
24153
24154
24155
24156
24158
24159
27001
24157
24042
